Sphere mesh: 2562 vertices, 7680 edges, 5120 triangles
Sphere data persisted: 5120 triangles, 15360 adjacency entries
Geometric dual Hodge computed: hodge1_inv [1.9857, 173.1661], hodge2 [1.901028, 20.792786]
Prismatic mesh built: L=4, N_r=32, 84546 vertices, 335424 edges, 414720 faces
# L=4 N_r=32 r_max=3 dt=0.0175088 steps=20000 noise=0 adj=2
      0          0          0          0          0          0          0          0          0          0          0          0          0          0  U=240137 Ufull=240137
    500  1.537e-05    0.07316     0.1303       0.19     0.2497      0.309     0.3684     0.4285     0.4892     0.5507     0.6136     0.6785     0.7455  U=209343 Ufull=209404
   1000  1.537e-05    0.02951    0.09799     0.1733     0.2484     0.3227     0.3966     0.4707     0.5457     0.6223        0.7     0.7798     0.8632  U=209036 Ufull=209096
   1500  1.537e-05    0.02303     0.0939     0.1743     0.2544     0.3339     0.4129     0.4918     0.5712     0.6521     0.7357     0.8209     0.9088  U=208765 Ufull=208825
   2000  1.537e-05    0.02243    0.09527     0.1781     0.2605     0.3421     0.4234     0.5049     0.5872     0.6706     0.7558     0.8434     0.9342  U=208427 Ufull=208486
   2500  1.537e-05    0.02216    0.09626     0.1804     0.2642     0.3471     0.4299     0.5132     0.5974     0.6821     0.7681     0.8583       0.95  U=208143 Ufull=208202
   3000  1.537e-05    0.02205    0.09705     0.1824     0.2674     0.3516     0.4354     0.5193     0.6038     0.6895     0.7773      0.868      0.962  U=207914 Ufull=207973
   3500  1.537e-05    0.02191     0.0976     0.1838     0.2695     0.3545      0.439     0.5237     0.6092     0.6962     0.7851     0.8752     0.9695  U=207722 Ufull=207780
   4000  1.537e-05    0.02187    0.09819     0.1851     0.2715     0.3571     0.4423     0.5274     0.6133      0.701      0.791     0.8828     0.9769  U=207550 Ufull=207609
   4500  1.537e-05    0.02182    0.09858      0.186     0.2728     0.3588     0.4444     0.5304     0.6172     0.7049     0.7941     0.8873     0.9838  U=207393 Ufull=207451
   5000  1.537e-05    0.02178    0.09903      0.187     0.2744      0.361     0.4472     0.5334     0.6203     0.7088     0.7993     0.8922     0.9882  U=207246 Ufull=207304
   5500  1.537e-05    0.02175    0.09938     0.1877     0.2755     0.3625      0.449     0.5357     0.6231     0.7121     0.8031     0.8966     0.9933  U=207107 Ufull=207166
   6000  1.537e-05    0.02172    0.09966     0.1883     0.2764     0.3637     0.4506     0.5379     0.6259     0.7151     0.8061     0.8997     0.9966  U=206977 Ufull=207036
   6500  1.537e-05     0.0217    0.09992     0.1888     0.2772     0.3646     0.4518     0.5394     0.6277     0.7169     0.8081     0.9029          1  U=206856 Ufull=206914
   7000  1.537e-05     0.0217     0.1002     0.1895     0.2783     0.3661     0.4536     0.5413     0.6298     0.7198     0.8118     0.9059      1.003  U=206742 Ufull=206800
   7500  1.537e-05    0.02169     0.1005     0.1901     0.2791     0.3672     0.4549     0.5427     0.6312     0.7211     0.8133      0.908      1.006  U=206637 Ufull=206695
   8000  1.537e-05     0.0217     0.1008     0.1906     0.2799     0.3682     0.4562     0.5443     0.6332     0.7238     0.8158     0.9101      1.009  U=206541 Ufull=206598
   8500  1.537e-05    0.02167     0.1009      0.191     0.2805     0.3691     0.4574     0.5457     0.6347     0.7252     0.8178     0.9131      1.012  U=206452 Ufull=206509
   9000  1.537e-05    0.02166     0.1011     0.1914      0.281     0.3697     0.4581     0.5468     0.6363     0.7271       0.82     0.9156      1.014  U=206370 Ufull=206428
   9500  1.537e-05    0.02167     0.1013     0.1918     0.2816     0.3706     0.4593     0.5481     0.6375     0.7283     0.8214     0.9175      1.015  U=206296 Ufull=206354
  10000  1.537e-05    0.02167     0.1015     0.1922     0.2822     0.3713       0.46      0.549      0.639     0.7304     0.8231     0.9184      1.018  U=206229 Ufull=206286
  10500  1.537e-05    0.02168     0.1018     0.1926      0.283     0.3725     0.4617     0.5509     0.6407     0.7316     0.8247     0.9209       1.02  U=206168 Ufull=206225
  11000  1.537e-05    0.02166     0.1019     0.1929     0.2833     0.3728     0.4618     0.5509     0.6409     0.7327     0.8266     0.9229      1.022  U=206113 Ufull=206170
  11500  1.537e-05    0.02163      0.102     0.1931     0.2836     0.3732     0.4624     0.5521     0.6427     0.7344     0.8277     0.9239      1.024  U=206064 Ufull=206121
  12000  1.537e-05    0.02167     0.1022     0.1936     0.2844     0.3742     0.4636     0.5531     0.6434     0.7354     0.8294     0.9258      1.026  U=206019 Ufull=206077
  12500  1.537e-05    0.02166     0.1024     0.1938     0.2847     0.3746     0.4642     0.5542      0.645     0.7369     0.8304      0.927      1.028  U=205980 Ufull=206037
  13000  1.537e-05    0.02167     0.1026     0.1943     0.2854     0.3757     0.4655     0.5553     0.6456     0.7374     0.8321     0.9293      1.028  U=205945 Ufull=206002
  13500  1.537e-05    0.02164     0.1026     0.1944     0.2856     0.3757     0.4655     0.5556     0.6464     0.7388     0.8335     0.9308      1.031  U=205914 Ufull=205971
  14000  1.537e-05    0.02163     0.1028     0.1947      0.286     0.3764     0.4664     0.5567     0.6478       0.74     0.8342     0.9316      1.032  U=205886 Ufull=205944
  14500  1.537e-05    0.02165     0.1029      0.195     0.2864     0.3769     0.4669     0.5572     0.6484     0.7413     0.8361      0.933      1.033  U=205862 Ufull=205920
  15000  1.537e-05    0.02164     0.1031     0.1953      0.287     0.3777      0.468     0.5584     0.6495     0.7421     0.8368     0.9336      1.034  U=205841 Ufull=205899
  15500  1.537e-05    0.02164     0.1031     0.1954     0.2871     0.3777     0.4679     0.5583     0.6498     0.7431     0.8383     0.9356      1.036  U=205823 Ufull=205880
  16000  1.537e-05    0.02164     0.1033     0.1957     0.2876     0.3785     0.4691     0.5598     0.6512     0.7437     0.8385     0.9367      1.037  U=205808 Ufull=205865
  16500  1.537e-05    0.02165     0.1034     0.1959     0.2878     0.3788     0.4694     0.5602     0.6518     0.7449     0.8399     0.9375      1.039  U=205794 Ufull=205852
  17000  1.537e-05    0.02164     0.1035     0.1962     0.2882     0.3792     0.4698     0.5607     0.6526     0.7462     0.8414     0.9387       1.04  U=205783 Ufull=205840
  17500  1.537e-05    0.02163     0.1036     0.1964     0.2885     0.3797     0.4706     0.5615     0.6531      0.746     0.8414     0.9398      1.041  U=205774 Ufull=205831
  18000  1.537e-05    0.02162     0.1037     0.1965     0.2887     0.3798     0.4707     0.5619      0.654     0.7475     0.8428     0.9409      1.042  U=205767 Ufull=205824
  18500  1.537e-05    0.02164     0.1038     0.1968     0.2892     0.3806     0.4717     0.5628     0.6545     0.7478     0.8436     0.9416      1.042  U=205761 Ufull=205818
  19000  1.537e-05    0.02164     0.1039     0.1969     0.2892     0.3806     0.4715     0.5627     0.6549     0.7489     0.8446     0.9425      1.044  U=205756 Ufull=205813
  19500  1.537e-05    0.02163      0.104     0.1971     0.2896     0.3811     0.4722     0.5635     0.6558     0.7495     0.8453     0.9437      1.045  U=205753 Ufull=205810
  20000  1.537e-05    0.02163     0.1041     0.1973     0.2898     0.3815     0.4727     0.5642     0.6565     0.7502      0.846     0.9446      1.046  U=205751 Ufull=205808
