Sphere mesh: 2562 vertices, 7680 edges, 5120 triangles
Sphere data persisted: 5120 triangles, 15360 adjacency entries
Geometric dual Hodge computed: hodge1_inv [1.9857, 173.1661], hodge2 [1.901028, 20.792786]
Prismatic mesh built: L=4, N_r=32, 84546 vertices, 335424 edges, 414720 faces
# L=4 N_r=32 r_max=3 dt=0.0175088 steps=20000 noise=1 adj=2
      0  2.481e-07  2.501e-07  2.491e-07    2.5e-07  2.488e-07  2.499e-07  2.486e-07  2.501e-07  2.486e-07  2.504e-07   2.51e-07  2.512e-07  2.492e-07  U=1.64888e-07 Ufull=1.64888e-07
    500          0  4.463e-07  5.893e-07  8.844e-07  1.225e-06  1.455e-06   1.54e-06  1.589e-06  1.666e-06    1.7e-06  1.768e-06  1.898e-06  1.922e-06  U=8.30417e-08 Ufull=8.30253e-08
   1000          0   2.52e-07  4.086e-07  6.431e-07  9.681e-07  1.268e-06  1.415e-06  1.488e-06  1.578e-06   1.62e-06  1.663e-06  1.792e-06  1.791e-06  U=7.68988e-08 Ufull=7.68813e-08
   1500          0   1.92e-07  3.439e-07  5.466e-07  8.543e-07  1.173e-06  1.376e-06  1.449e-06  1.485e-06  1.561e-06  1.617e-06  1.695e-06  1.804e-06  U=7.46824e-08 Ufull=7.46653e-08
   2000          0  1.587e-07  3.045e-07  4.821e-07  7.705e-07  1.089e-06  1.311e-06  1.398e-06  1.443e-06  1.544e-06  1.572e-06  1.618e-06  1.732e-06  U=7.32407e-08 Ufull=7.32236e-08
   2500          0  1.453e-07  2.863e-07  4.501e-07  7.279e-07  1.043e-06  1.271e-06  1.379e-06  1.455e-06  1.501e-06  1.561e-06  1.615e-06    1.7e-06  U=7.22682e-08 Ufull=7.22519e-08
   3000          0  1.334e-07  2.726e-07  4.215e-07  6.935e-07   1.02e-06  1.262e-06  1.336e-06  1.406e-06  1.491e-06  1.557e-06  1.584e-06   1.68e-06  U=7.13785e-08 Ufull=7.13618e-08
   3500          0  1.227e-07  2.597e-07  3.965e-07  6.542e-07  9.817e-07   1.23e-06  1.325e-06  1.382e-06  1.492e-06  1.496e-06  1.558e-06  1.618e-06  U=7.0861e-08 Ufull=7.08448e-08
   4000          0  1.177e-07  2.524e-07  3.829e-07  6.321e-07  9.575e-07  1.225e-06  1.335e-06   1.41e-06  1.468e-06  1.455e-06  1.544e-06  1.634e-06  U=7.03498e-08 Ufull=7.0334e-08
   4500          0  1.128e-07   2.47e-07   3.68e-07    6.1e-07  9.234e-07  1.184e-06  1.297e-06  1.355e-06  1.458e-06  1.536e-06  1.587e-06  1.623e-06  U=7.00469e-08 Ufull=7.00302e-08
   5000          0  1.098e-07  2.393e-07  3.537e-07   5.85e-07  8.986e-07  1.182e-06  1.343e-06  1.396e-06  1.408e-06  1.444e-06  1.554e-06  1.589e-06  U=6.97612e-08 Ufull=6.97451e-08
   5500          0  1.062e-07  2.348e-07  3.452e-07  5.707e-07  8.875e-07  1.177e-06  1.319e-06  1.391e-06  1.449e-06  1.472e-06  1.523e-06  1.606e-06  U=6.93567e-08 Ufull=6.93409e-08
   6000          0  1.029e-07  2.306e-07  3.327e-07  5.432e-07   8.52e-07  1.142e-06  1.292e-06  1.347e-06  1.444e-06  1.494e-06  1.501e-06  1.583e-06  U=6.92044e-08 Ufull=6.91888e-08
   6500          0  9.874e-08  2.269e-07  3.192e-07  5.219e-07  8.137e-07  1.093e-06  1.261e-06  1.388e-06   1.48e-06  1.463e-06  1.495e-06  1.546e-06  U=6.88424e-08 Ufull=6.8826e-08
   7000          0  9.849e-08  2.225e-07  3.138e-07  5.152e-07  8.088e-07  1.096e-06  1.269e-06  1.365e-06  1.441e-06  1.468e-06  1.511e-06  1.533e-06  U=6.8574e-08 Ufull=6.85574e-08
   7500          0  9.564e-08  2.213e-07  3.068e-07  5.045e-07  7.996e-07   1.09e-06  1.257e-06  1.335e-06  1.422e-06  1.441e-06    1.5e-06  1.562e-06  U=6.83548e-08 Ufull=6.83375e-08
   8000          0  9.466e-08  2.178e-07   3.04e-07  4.932e-07  7.835e-07  1.076e-06  1.241e-06   1.32e-06  1.425e-06  1.462e-06  1.495e-06   1.56e-06  U=6.82483e-08 Ufull=6.82318e-08
   8500          0  9.246e-08   2.17e-07  2.971e-07  4.882e-07  7.798e-07  1.076e-06  1.254e-06  1.321e-06  1.403e-06  1.431e-06  1.465e-06  1.555e-06  U=6.80753e-08 Ufull=6.80582e-08
   9000          0  9.211e-08  2.156e-07  2.907e-07  4.718e-07  7.529e-07  1.044e-06  1.221e-06  1.323e-06  1.413e-06  1.437e-06  1.442e-06  1.493e-06  U=6.78256e-08 Ufull=6.78083e-08
   9500          0  9.225e-08  2.132e-07  2.862e-07  4.665e-07   7.52e-07  1.055e-06  1.241e-06  1.312e-06  1.397e-06  1.449e-06  1.437e-06  1.542e-06  U=6.77552e-08 Ufull=6.77381e-08
  10000          0  9.122e-08   2.12e-07  2.817e-07  4.582e-07  7.389e-07  1.042e-06  1.238e-06  1.313e-06  1.385e-06  1.426e-06  1.452e-06  1.528e-06  U=6.75606e-08 Ufull=6.75436e-08
  10500          0   8.93e-08  2.116e-07  2.813e-07   4.52e-07  7.276e-07  1.024e-06  1.212e-06  1.283e-06  1.364e-06   1.41e-06  1.467e-06  1.513e-06  U=6.7406e-08 Ufull=6.73897e-08
  11000          0  8.866e-08  2.101e-07  2.794e-07  4.509e-07  7.361e-07  1.044e-06  1.225e-06   1.28e-06  1.365e-06  1.429e-06  1.488e-06  1.541e-06  U=6.74133e-08 Ufull=6.73966e-08
  11500          0   8.78e-08  2.083e-07  2.736e-07  4.394e-07  7.091e-07   1.01e-06  1.208e-06  1.289e-06   1.37e-06  1.396e-06  1.445e-06  1.542e-06  U=6.71766e-08 Ufull=6.71599e-08
  12000          0  8.724e-08  2.065e-07  2.682e-07  4.297e-07  6.932e-07  9.877e-07  1.177e-06   1.27e-06  1.369e-06  1.432e-06  1.463e-06  1.531e-06  U=6.71716e-08 Ufull=6.71547e-08
  12500          0  8.589e-08  2.072e-07  2.658e-07  4.264e-07  6.935e-07  9.963e-07    1.2e-06  1.298e-06    1.4e-06  1.434e-06  1.437e-06  1.504e-06  U=6.69982e-08 Ufull=6.69821e-08
  13000          0  8.566e-08  2.059e-07  2.637e-07   4.22e-07  6.898e-07  9.921e-07  1.191e-06  1.264e-06  1.352e-06  1.429e-06  1.462e-06  1.482e-06  U=6.69211e-08 Ufull=6.69039e-08
  13500          0  8.585e-08  2.063e-07  2.621e-07  4.174e-07  6.775e-07  9.716e-07  1.182e-06  1.292e-06  1.374e-06  1.412e-06  1.447e-06  1.504e-06  U=6.6845e-08 Ufull=6.68277e-08
  14000          0  8.537e-08  2.034e-07  2.578e-07  4.063e-07  6.625e-07  9.558e-07  1.172e-06   1.29e-06  1.384e-06  1.388e-06  1.425e-06  1.524e-06  U=6.66762e-08 Ufull=6.66602e-08
  14500          0   8.42e-08  2.027e-07  2.555e-07  4.065e-07  6.627e-07  9.647e-07   1.19e-06  1.294e-06  1.377e-06  1.426e-06  1.405e-06  1.494e-06  U=6.66138e-08 Ufull=6.65966e-08
  15000          0  8.385e-08   2.03e-07  2.531e-07  3.993e-07  6.508e-07  9.492e-07  1.164e-06  1.263e-06  1.318e-06  1.366e-06  1.436e-06  1.494e-06  U=6.65529e-08 Ufull=6.65367e-08
  15500          0  8.434e-08  2.027e-07   2.55e-07  4.029e-07  6.623e-07  9.691e-07  1.188e-06  1.272e-06  1.332e-06  1.368e-06   1.41e-06  1.468e-06  U=6.64037e-08 Ufull=6.63866e-08
  16000          0  8.335e-08  2.029e-07  2.511e-07  3.955e-07  6.537e-07  9.566e-07   1.18e-06  1.275e-06  1.338e-06   1.38e-06  1.453e-06  1.506e-06  U=6.63564e-08 Ufull=6.63396e-08
  16500          0  8.317e-08  2.011e-07  2.504e-07  3.914e-07  6.445e-07  9.447e-07  1.169e-06  1.274e-06  1.331e-06  1.356e-06  1.441e-06  1.442e-06  U=6.63351e-08 Ufull=6.63179e-08
  17000          0   8.28e-08  2.023e-07  2.491e-07  3.892e-07  6.385e-07  9.408e-07  1.158e-06  1.255e-06  1.353e-06  1.396e-06  1.399e-06  1.474e-06  U=6.62465e-08 Ufull=6.62293e-08
  17500          0  8.253e-08   2.01e-07  2.455e-07  3.803e-07  6.214e-07  9.146e-07  1.137e-06  1.236e-06  1.337e-06  1.407e-06  1.422e-06  1.458e-06  U=6.6092e-08 Ufull=6.60754e-08
  18000          0  8.188e-08  2.005e-07  2.454e-07  3.762e-07  6.187e-07  9.139e-07  1.136e-06  1.236e-06  1.324e-06  1.357e-06  1.422e-06  1.485e-06  U=6.60808e-08 Ufull=6.60634e-08
  18500          0  8.228e-08  1.986e-07  2.437e-07   3.77e-07  6.205e-07  9.207e-07  1.161e-06  1.258e-06  1.312e-06  1.377e-06  1.392e-06  1.449e-06  U=6.59741e-08 Ufull=6.59571e-08
  19000          0    8.2e-08  1.986e-07  2.429e-07  3.741e-07  6.161e-07  9.111e-07  1.138e-06  1.245e-06  1.318e-06  1.373e-06  1.424e-06  1.499e-06  U=6.59944e-08 Ufull=6.59771e-08
  19500          0  8.142e-08  1.993e-07  2.382e-07  3.655e-07  6.037e-07  8.981e-07  1.125e-06  1.212e-06  1.313e-06  1.356e-06  1.402e-06  1.457e-06  U=6.58541e-08 Ufull=6.58366e-08
  20000          0  8.153e-08  1.992e-07  2.397e-07   3.67e-07   6.01e-07  8.953e-07  1.124e-06  1.233e-06  1.299e-06  1.349e-06  1.412e-06   1.48e-06  U=6.58746e-08 Ufull=6.58579e-08
