Sphere mesh: 2562 vertices, 7680 edges, 5120 triangles
Sphere data persisted: 5120 triangles, 15360 adjacency entries
Geometric dual Hodge computed: hodge1_inv [1.9857, 173.1661], hodge2 [1.901028, 20.792786]
Prismatic mesh built: L=4, N_r=32, 84546 vertices, 335424 edges, 414720 faces
# L=4 N_r=32 r_max=3 dt=0.0175088 steps=20000 noise=1 adj=1
      0  2.481e-07  2.501e-07  2.491e-07    2.5e-07  2.488e-07  2.499e-07  2.486e-07  2.501e-07  2.486e-07  2.504e-07   2.51e-07  2.512e-07  2.492e-07  U=1.64888e-07 Ufull=1.64888e-07
    500          0  5.118e-07  7.356e-07  1.129e-06  1.524e-06  1.743e-06  1.819e-06  1.851e-06  1.931e-06  1.958e-06  2.016e-06    2.2e-06  2.216e-06  U=8.80164e-08 Ufull=8.80168e-08
   1000          0  3.829e-07  7.071e-07  1.224e-06  1.818e-06  2.181e-06   2.15e-06  2.139e-06  2.261e-06  2.217e-06  2.341e-06  2.519e-06  2.517e-06  U=8.91221e-08 Ufull=8.91327e-08
   1500          0   4.26e-07  8.772e-07  1.611e-06  2.479e-06  3.041e-06  2.944e-06  2.833e-06  3.042e-06  2.777e-06  3.084e-06  3.137e-06  3.333e-06  U=1.03621e-07 Ufull=1.03666e-07
   2000          0  7.129e-07  1.569e-06   2.98e-06   4.58e-06  5.353e-06  4.456e-06  4.152e-06   4.74e-06  3.861e-06  4.689e-06    5.3e-06  5.095e-06  U=1.60527e-07 Ufull=1.60717e-07
   2500          0  1.592e-06  3.702e-06  7.121e-06   1.07e-05   1.14e-05  6.786e-06  7.965e-06   8.27e-06  7.454e-06   6.94e-06  1.118e-05  1.173e-05  U=4.27967e-07 Ufull=4.28909e-07
   3000          0  3.322e-06  7.314e-06  1.402e-05  2.158e-05  2.439e-05  1.718e-05  1.549e-05  1.771e-05  1.724e-05  1.729e-05  2.764e-05  2.494e-05  U=1.8191e-06 Ufull=1.82429e-06
   3500          0  6.245e-06   1.43e-05  2.854e-05  4.559e-05  5.269e-05  3.611e-05  3.697e-05  4.795e-05  3.575e-05   4.33e-05  6.603e-05  5.743e-05  U=9.4602e-06 Ufull=9.48829e-06
   4000          0  1.959e-05  4.507e-05   8.75e-05  0.0001326  0.0001394  6.779e-05   9.35e-05  0.0001059  8.776e-05  8.576e-05  0.0001553  0.0001326  U=5.96272e-05 Ufull=5.98117e-05
   4500          0  5.192e-05   0.000121  0.0002348  0.0003551  0.0003713  0.0001764   0.000251  0.0002671  0.0002402  0.0002082  0.0003953  0.0003353  U=0.000367663 Ufull=0.000368844
   5000          0  0.0001209  0.0002825  0.0005582   0.000873    0.00097  0.0005373   0.000591  0.0007658  0.0005759  0.0006541   0.001049  0.0008528  U=0.00231884 Ufull=0.00232585
   5500          0  0.0002826  0.0006406   0.001283    0.00205   0.002334   0.001293    0.00126   0.001896   0.001165   0.001647   0.002459   0.001907  U=0.0141927 Ufull=0.0142424
   6000          0   0.000838   0.001905   0.003762   0.005854   0.006403   0.003206   0.003432   0.004881   0.002826   0.003948   0.005706   0.004244  U=0.0889806 Ufull=0.0892933
   6500          0   0.002104   0.004952   0.009824    0.01533    0.01688    0.00862   0.008521    0.01277   0.006607    0.01038    0.01392   0.009484  U=0.615152 Ufull=0.617325
   7000          0   0.005197    0.01239    0.02474    0.03908    0.04371    0.02268    0.02174    0.03438    0.01689    0.02902    0.03919    0.02628  U=3.93717 Ufull=3.9509
   7500          0    0.01327    0.03086    0.06167    0.09778     0.1097    0.05629      0.056    0.08778    0.04417    0.07472     0.1038    0.07061  U=25.5248 Ufull=25.6122
   8000          0     0.0342    0.07548     0.1477     0.2287     0.2478     0.1199     0.1445     0.1935     0.1204     0.1597     0.2427     0.1739  U=162.986 Ufull=163.597
   8500          0    0.08706     0.1968     0.3855     0.5928     0.6313     0.2845     0.3999     0.4937     0.3454     0.4056     0.6622     0.4872  U=1086.77 Ufull=1090.47
   9000          0     0.2043     0.4825     0.9559      1.482      1.591     0.7059      1.037      1.281     0.9229      1.077      1.812      1.356  U=7535.27 Ufull=7560.24
