Sphere mesh: 2562 vertices, 7680 edges, 5120 triangles
Sphere data persisted: 5120 triangles, 15360 adjacency entries
Geometric dual Hodge computed: hodge1_inv [1.9857, 173.1661], hodge2 [1.901028, 20.792786]
Prismatic mesh built: L=4, N_r=32, 84546 vertices, 335424 edges, 414720 faces
# L=4 N_r=32 r_max=3 dt=0.0175088 steps=20000 noise=1 adj=2
      0  2.481e-07  2.501e-07  2.491e-07    2.5e-07  2.488e-07  2.499e-07  2.486e-07  2.501e-07  2.486e-07  2.504e-07   2.51e-07  2.512e-07  2.492e-07  U=1.64888e-07 Ufull=1.64888e-07
    500          0  4.607e-07  6.243e-07   9.41e-07  1.293e-06  1.522e-06  1.607e-06  1.654e-06  1.735e-06  1.767e-06  1.832e-06  1.978e-06  2.001e-06  U=8.42602e-08 Ufull=8.42502e-08
   1000          0  2.718e-07  4.561e-07   7.43e-07  1.121e-06  1.443e-06  1.569e-06  1.627e-06   1.73e-06  1.736e-06  1.805e-06  1.933e-06  1.938e-06  U=7.92233e-08 Ufull=7.9213e-08
   1500          0  2.189e-07  4.074e-07  6.888e-07  1.087e-06  1.455e-06  1.625e-06  1.669e-06  1.709e-06  1.767e-06   1.82e-06  1.921e-06  2.075e-06  U=7.82655e-08 Ufull=7.82563e-08
   2000          0   1.91e-07  3.791e-07  6.588e-07  1.064e-06  1.468e-06   1.68e-06  1.724e-06  1.758e-06  1.817e-06  1.879e-06  1.924e-06  2.062e-06  U=7.83347e-08 Ufull=7.83262e-08
   2500          0  1.857e-07  3.832e-07  6.768e-07  1.118e-06  1.551e-06  1.762e-06  1.821e-06  1.911e-06  1.914e-06  1.976e-06  2.041e-06  2.158e-06  U=7.93485e-08 Ufull=7.93435e-08
   3000          0  1.844e-07  3.972e-07  7.195e-07  1.225e-06  1.745e-06  1.989e-06  1.947e-06  1.956e-06  2.056e-06  2.104e-06  2.147e-06  2.275e-06  U=8.07176e-08 Ufull=8.07147e-08
   3500          0  1.834e-07  4.046e-07  7.548e-07  1.297e-06  1.872e-06  2.162e-06  2.128e-06  2.128e-06  2.198e-06  2.121e-06  2.228e-06  2.342e-06  U=8.31728e-08 Ufull=8.31736e-08
   4000          0  1.959e-07  4.273e-07  8.086e-07  1.395e-06  2.012e-06  2.313e-06   2.27e-06  2.365e-06    2.4e-06  2.154e-06   2.47e-06  2.503e-06  U=8.61048e-08 Ufull=8.61111e-08
   4500          0  2.148e-07  4.885e-07  9.489e-07  1.666e-06  2.422e-06  2.753e-06  2.473e-06  2.375e-06  2.656e-06  2.496e-06   2.72e-06  2.715e-06  U=9.10643e-08 Ufull=9.10732e-08
   5000          0  2.172e-07  4.882e-07   9.54e-07  1.676e-06  2.447e-06  2.889e-06  2.873e-06   2.78e-06   2.63e-06  2.761e-06  2.946e-06  3.295e-06  U=9.72124e-08 Ufull=9.72325e-08
   5500          0   2.41e-07  5.485e-07   1.09e-06  1.919e-06  2.801e-06  3.222e-06  3.108e-06  3.152e-06  3.167e-06  3.229e-06  3.328e-06  3.755e-06  U=1.05907e-07 Ufull=1.05941e-07
   6000          0  2.855e-07  6.583e-07  1.333e-06  2.367e-06  3.464e-06  4.009e-06  3.713e-06  3.417e-06  3.515e-06  3.431e-06  3.537e-06  3.988e-06  U=1.1753e-07 Ufull=1.17584e-07
   6500          0  3.182e-07   7.25e-07  1.462e-06  2.551e-06  3.658e-06  4.107e-06  3.851e-06  3.887e-06  4.183e-06  4.124e-06  4.293e-06  5.017e-06  U=1.36128e-07 Ufull=1.36209e-07
   7000          0  3.724e-07  8.588e-07  1.762e-06  3.093e-06  4.448e-06  5.007e-06  4.825e-06  5.063e-06  4.684e-06  4.753e-06  5.132e-06  5.841e-06  U=1.62621e-07 Ufull=1.62744e-07
   7500          0   4.94e-07  1.136e-06  2.369e-06   4.24e-06  6.222e-06  7.073e-06  6.148e-06  5.495e-06  5.744e-06  5.125e-06  5.645e-06  6.503e-06  U=2.03326e-07 Ufull=2.03554e-07
   8000          0  5.835e-07   1.38e-06  2.949e-06  5.373e-06  7.979e-06  9.042e-06  7.409e-06  6.516e-06  7.249e-06  6.448e-06  6.901e-06  7.769e-06  U=2.68094e-07 Ufull=2.6844e-07
   8500          0  7.782e-07  1.874e-06  4.017e-06  7.315e-06  1.079e-05  1.194e-05  8.996e-06  8.117e-06  8.939e-06  7.354e-06  8.676e-06  9.091e-06  U=3.70416e-07 Ufull=3.70984e-07
