Sphere mesh: 2562 vertices, 7680 edges, 5120 triangles
Sphere data persisted: 5120 triangles, 15360 adjacency entries
Geometric dual Hodge computed: hodge1_inv [1.9857, 173.1661], hodge2 [1.901028, 20.792786]
Prismatic mesh built: L=4, N_r=32, 84546 vertices, 335424 edges, 414720 faces
# L=4 N_r=32 r_max=3 dt=0.0175088 steps=20000 noise=1 adj=2 lapse=0.5
      0  2.481e-07  2.501e-07  2.491e-07    2.5e-07  2.488e-07  2.499e-07  2.486e-07  2.501e-07  2.486e-07  2.504e-07   2.51e-07  2.512e-07  2.492e-07  U=1.64888e-07 Ufull=1.64888e-07
    500          0  7.016e-07  7.529e-07  1.059e-06  1.354e-06   1.56e-06  1.684e-06  1.742e-06  1.776e-06  1.799e-06   1.82e-06  1.852e-06  1.857e-06  U=8.20879e-08 Ufull=8.2066e-08
   1000          0  3.502e-07  4.649e-07  6.875e-07  9.933e-07  1.266e-06  1.427e-06    1.5e-06  1.564e-06   1.61e-06   1.65e-06  1.648e-06  1.683e-06  U=7.44909e-08 Ufull=7.44694e-08
   1500          0  2.595e-07  3.967e-07  5.913e-07  8.856e-07   1.18e-06  1.376e-06  1.451e-06    1.5e-06  1.567e-06  1.596e-06  1.603e-06  1.642e-06  U=7.19375e-08 Ufull=7.19158e-08
   2000          0  2.139e-07  3.512e-07   5.24e-07  8.029e-07  1.112e-06  1.354e-06   1.45e-06  1.468e-06  1.512e-06  1.531e-06  1.575e-06  1.599e-06  U=7.06528e-08 Ufull=7.06304e-08
   2500          0  1.869e-07  3.188e-07  4.787e-07   7.39e-07  1.048e-06   1.29e-06  1.393e-06  1.418e-06  1.454e-06  1.525e-06  1.552e-06  1.575e-06  U=6.97718e-08 Ufull=6.97505e-08
   3000          0  1.708e-07  2.998e-07  4.499e-07  7.047e-07  1.009e-06  1.252e-06  1.358e-06  1.414e-06  1.454e-06   1.48e-06  1.532e-06  1.599e-06  U=6.90693e-08 Ufull=6.90479e-08
   3500          0  1.595e-07  2.866e-07  4.221e-07  6.626e-07  9.594e-07  1.215e-06  1.341e-06  1.393e-06  1.453e-06  1.495e-06  1.504e-06  1.538e-06  U=6.85499e-08 Ufull=6.85272e-08
   4000          0  1.519e-07  2.766e-07  4.057e-07  6.337e-07  9.299e-07  1.192e-06  1.338e-06  1.393e-06  1.415e-06  1.429e-06  1.484e-06  1.517e-06  U=6.80623e-08 Ufull=6.80402e-08
   4500          0  1.444e-07  2.678e-07  3.836e-07  5.996e-07  8.873e-07  1.157e-06  1.325e-06  1.394e-06  1.428e-06  1.461e-06  1.501e-06  1.514e-06  U=6.7738e-08 Ufull=6.77164e-08
   5000          0  1.408e-07  2.622e-07  3.683e-07  5.775e-07   8.64e-07  1.144e-06  1.301e-06  1.345e-06  1.404e-06   1.47e-06  1.458e-06  1.504e-06  U=6.74698e-08 Ufull=6.74481e-08
   5500          0  1.356e-07  2.567e-07  3.549e-07  5.599e-07  8.449e-07  1.136e-06  1.322e-06  1.388e-06  1.412e-06  1.439e-06  1.463e-06  1.517e-06  U=6.70962e-08 Ufull=6.70738e-08
   6000          0  1.344e-07  2.525e-07   3.51e-07  5.487e-07  8.361e-07  1.122e-06  1.302e-06  1.359e-06  1.418e-06   1.47e-06  1.491e-06  1.521e-06  U=6.6954e-08 Ufull=6.69319e-08
   6500          0  1.303e-07  2.486e-07  3.418e-07  5.364e-07  8.131e-07  1.092e-06  1.267e-06  1.334e-06  1.377e-06  1.425e-06  1.458e-06  1.492e-06  U=6.67185e-08 Ufull=6.66959e-08
   7000          0  1.297e-07  2.446e-07    3.3e-07  5.169e-07   7.92e-07  1.078e-06   1.26e-06  1.318e-06  1.354e-06  1.406e-06  1.464e-06  1.444e-06  U=6.64734e-08 Ufull=6.64501e-08
   7500          0  1.259e-07  2.416e-07  3.216e-07   5.01e-07  7.681e-07  1.052e-06  1.247e-06  1.327e-06  1.373e-06  1.438e-06  1.473e-06  1.453e-06  U=6.63381e-08 Ufull=6.63165e-08
   8000          0  1.258e-07  2.395e-07  3.174e-07  4.959e-07  7.682e-07  1.061e-06  1.264e-06  1.344e-06  1.393e-06  1.429e-06  1.451e-06  1.463e-06  U=6.61535e-08 Ufull=6.61317e-08
   8500          0  1.248e-07  2.368e-07  3.119e-07  4.817e-07  7.447e-07  1.025e-06  1.233e-06  1.313e-06  1.373e-06  1.424e-06  1.456e-06   1.45e-06  U=6.60506e-08 Ufull=6.60283e-08
   9000          0  1.231e-07  2.333e-07  3.064e-07  4.708e-07  7.298e-07  1.011e-06  1.219e-06  1.314e-06  1.369e-06  1.403e-06  1.428e-06  1.452e-06  U=6.58988e-08 Ufull=6.58764e-08
   9500          0  1.212e-07  2.326e-07  3.035e-07  4.708e-07  7.305e-07  1.018e-06  1.216e-06  1.289e-06  1.339e-06  1.405e-06   1.44e-06  1.466e-06  U=6.57733e-08 Ufull=6.57519e-08
  10000          0  1.194e-07  2.331e-07  3.002e-07   4.61e-07  7.144e-07  9.991e-07   1.21e-06  1.292e-06  1.324e-06  1.371e-06   1.44e-06  1.429e-06  U=6.56405e-08 Ufull=6.56189e-08
  10500          0  1.184e-07  2.312e-07  2.942e-07  4.525e-07  7.011e-07  9.828e-07  1.193e-06  1.289e-06  1.358e-06  1.385e-06  1.432e-06  1.439e-06  U=6.55113e-08 Ufull=6.54893e-08
  11000          0  1.187e-07  2.283e-07  2.919e-07  4.492e-07   7.02e-07  9.907e-07  1.204e-06  1.278e-06  1.299e-06  1.367e-06  1.398e-06  1.394e-06  U=6.53632e-08 Ufull=6.53405e-08
  11500          0  1.165e-07  2.275e-07  2.864e-07  4.351e-07  6.783e-07  9.613e-07  1.172e-06  1.273e-06  1.334e-06  1.359e-06  1.404e-06   1.43e-06  U=6.53922e-08 Ufull=6.537e-08
  12000          0  1.171e-07   2.24e-07  2.813e-07  4.242e-07  6.666e-07  9.472e-07  1.174e-06   1.28e-06  1.337e-06  1.374e-06  1.406e-06  1.421e-06  U=6.52258e-08 Ufull=6.52046e-08
  12500          0  1.165e-07  2.243e-07  2.802e-07  4.202e-07  6.513e-07  9.299e-07  1.157e-06  1.272e-06  1.347e-06  1.393e-06  1.407e-06  1.416e-06  U=6.5115e-08 Ufull=6.50933e-08
  13000          0  1.152e-07  2.227e-07  2.751e-07  4.152e-07  6.512e-07  9.391e-07  1.175e-06  1.287e-06  1.329e-06  1.355e-06  1.379e-06  1.414e-06  U=6.50393e-08 Ufull=6.50173e-08
  13500          0  1.144e-07  2.231e-07  2.764e-07  4.156e-07  6.512e-07  9.358e-07  1.163e-06  1.265e-06  1.322e-06  1.387e-06   1.41e-06  1.424e-06  U=6.49724e-08 Ufull=6.49502e-08
  14000          0  1.151e-07   2.22e-07  2.757e-07  4.091e-07  6.418e-07  9.234e-07  1.149e-06  1.268e-06  1.329e-06  1.363e-06  1.365e-06  1.413e-06  U=6.48572e-08 Ufull=6.48344e-08
  14500          0  1.146e-07  2.232e-07  2.735e-07  4.122e-07  6.501e-07  9.378e-07   1.17e-06  1.277e-06  1.333e-06  1.347e-06  1.363e-06   1.37e-06  U=6.47438e-08 Ufull=6.47218e-08
  15000          0  1.138e-07  2.215e-07  2.703e-07  4.011e-07  6.294e-07  9.063e-07  1.132e-06  1.246e-06  1.311e-06  1.373e-06  1.336e-06  1.371e-06  U=6.46995e-08 Ufull=6.46766e-08
  15500          0  1.129e-07  2.202e-07  2.687e-07  3.982e-07  6.273e-07  9.109e-07  1.143e-06  1.245e-06  1.287e-06   1.32e-06   1.36e-06  1.395e-06  U=6.46538e-08 Ufull=6.46318e-08
  16000          0  1.132e-07  2.205e-07   2.68e-07  3.965e-07  6.248e-07  9.131e-07  1.145e-06  1.246e-06  1.297e-06  1.353e-06  1.358e-06   1.41e-06  U=6.45863e-08 Ufull=6.45644e-08
  16500          0  1.123e-07  2.204e-07  2.638e-07    3.9e-07  6.132e-07  8.939e-07  1.133e-06  1.249e-06  1.296e-06  1.357e-06  1.405e-06  1.401e-06  U=6.44904e-08 Ufull=6.4468e-08
  17000          0  1.117e-07  2.189e-07  2.618e-07  3.832e-07  6.104e-07  8.933e-07  1.147e-06  1.278e-06  1.313e-06  1.328e-06  1.354e-06  1.409e-06  U=6.44502e-08 Ufull=6.44279e-08
  17500          0  1.121e-07  2.185e-07   2.63e-07   3.84e-07  6.079e-07  8.922e-07  1.137e-06  1.275e-06  1.336e-06  1.347e-06  1.367e-06  1.418e-06  U=6.43632e-08 Ufull=6.43406e-08
  18000          0  1.121e-07  2.184e-07  2.614e-07  3.838e-07   6.02e-07  8.792e-07  1.118e-06  1.234e-06  1.302e-06  1.385e-06  1.398e-06  1.404e-06  U=6.42978e-08 Ufull=6.42751e-08
  18500          0  1.119e-07  2.188e-07  2.604e-07  3.843e-07  6.141e-07   9.06e-07  1.153e-06  1.264e-06  1.286e-06  1.324e-06  1.361e-06  1.392e-06  U=6.43082e-08 Ufull=6.42852e-08
  19000          0  1.119e-07  2.182e-07  2.574e-07  3.798e-07  5.954e-07  8.781e-07  1.131e-06  1.256e-06  1.306e-06   1.37e-06  1.387e-06  1.376e-06  U=6.42107e-08 Ufull=6.4188e-08
  19500          0  1.103e-07  2.166e-07  2.535e-07  3.667e-07  5.773e-07  8.493e-07    1.1e-06  1.242e-06   1.29e-06  1.314e-06  1.354e-06  1.389e-06  U=6.41158e-08 Ufull=6.40936e-08
  20000          0  1.103e-07  2.168e-07  2.539e-07  3.671e-07  5.816e-07  8.581e-07    1.1e-06  1.222e-06   1.26e-06  1.326e-06  1.344e-06  1.346e-06  U=6.40563e-08 Ufull=6.40334e-08
