Sphere mesh: 2562 vertices, 7680 edges, 5120 triangles
Sphere data persisted: 5120 triangles, 15360 adjacency entries
Geometric dual Hodge computed: hodge1_inv [1.9857, 173.1661], hodge2 [1.901028, 20.792786]
Prismatic mesh built: L=4, N_r=32, 84546 vertices, 335424 edges, 414720 faces
# L=4 N_r=32 r_max=3 dt=0.0175088 steps=20000 noise=0 adj=2 lapse=0.5
      0          0          0          0          0          0          0          0          0          0          0          0          0          0  U=361703 Ufull=361703
    500  2.173e-05      0.136     0.1965      0.262     0.3279      0.393     0.4573     0.5216     0.5865     0.6524     0.7198     0.7894     0.8595  U=323407 Ufull=323542
   1000  2.173e-05    0.04397     0.1156     0.2037     0.2916     0.3781     0.4633     0.5481     0.6334     0.7201     0.8077     0.8972     0.9902  U=324916 Ufull=325057
   1500  2.173e-05     0.0464     0.1262     0.2207     0.3146     0.4069      0.498     0.5887     0.6797     0.7715     0.8645     0.9597      1.058  U=324802 Ufull=324942
   2000  2.173e-05    0.04259     0.1234     0.2211     0.3181     0.4135     0.5077     0.6014     0.6952     0.7898     0.8854     0.9836      1.085  U=324520 Ufull=324658
   2500  2.173e-05    0.04234     0.1249     0.2248     0.3241     0.4215     0.5173     0.6119     0.7067     0.8033     0.9019      1.001      1.104  U=324248 Ufull=324386
   3000  2.173e-05    0.04176     0.1253     0.2263     0.3264     0.4248     0.5219     0.6186     0.7156     0.8133     0.9126      1.014      1.118  U=324014 Ufull=324151
   3500  2.173e-05    0.04158     0.1259      0.228     0.3292     0.4287      0.527     0.6248     0.7224     0.8203     0.9199      1.023      1.129  U=323811 Ufull=323948
   4000  2.173e-05    0.04153     0.1267     0.2299     0.3322     0.4327     0.5318     0.6301     0.7282     0.8271      0.928      1.031      1.137  U=323626 Ufull=323762
   4500  2.173e-05    0.04136     0.1272      0.231     0.3339      0.435     0.5347     0.6334     0.7319     0.8313     0.9335      1.038      1.145  U=323452 Ufull=323588
   5000  2.173e-05    0.04129     0.1276      0.232     0.3355     0.4372     0.5375     0.6369     0.7363     0.8366     0.9387      1.044      1.151  U=323287 Ufull=323423
   5500  2.173e-05    0.04122      0.128     0.2328     0.3366     0.4384     0.5388     0.6387     0.7393     0.8409     0.9436      1.048      1.156  U=323130 Ufull=323266
   6000  2.173e-05    0.04119     0.1285     0.2337      0.338     0.4402      0.541     0.6412     0.7417     0.8435     0.9467      1.052       1.16  U=322981 Ufull=323117
   6500  2.173e-05    0.04118     0.1288     0.2344     0.3391     0.4418      0.543     0.6436     0.7446      0.847     0.9509      1.056      1.164  U=322841 Ufull=322976
   7000  2.173e-05    0.04108      0.129      0.235     0.3399     0.4429     0.5445     0.6455     0.7468     0.8495     0.9536      1.059      1.168  U=322709 Ufull=322844
   7500  2.173e-05    0.04115     0.1294     0.2359     0.3413     0.4448     0.5469     0.6482     0.7493     0.8514     0.9556      1.062      1.172  U=322587 Ufull=322722
   8000  2.173e-05    0.04111     0.1297     0.2363      0.342     0.4457      0.548     0.6498     0.7518     0.8546     0.9586      1.065      1.175  U=322474 Ufull=322610
   8500  2.173e-05    0.04105     0.1299     0.2368     0.3428     0.4467     0.5491     0.6508     0.7528     0.8561     0.9612      1.068      1.178  U=322371 Ufull=322506
   9000  2.173e-05    0.04108     0.1302     0.2374     0.3435     0.4478     0.5507     0.6531     0.7556     0.8587     0.9629       1.07      1.181  U=322277 Ufull=322412
   9500  2.173e-05    0.04107     0.1305     0.2379     0.3444     0.4489     0.5519     0.6543     0.7566     0.8599     0.9651      1.073      1.184  U=322191 Ufull=322326
  10000  2.173e-05    0.04107     0.1307     0.2385     0.3452     0.4499     0.5532     0.6558     0.7586     0.8623     0.9677      1.075      1.186  U=322114 Ufull=322249
  10500  2.173e-05    0.04102     0.1309     0.2388     0.3457     0.4506     0.5543     0.6575     0.7606     0.8641     0.9689      1.077      1.189  U=322044 Ufull=322179
  11000  2.173e-05    0.04105     0.1311     0.2392     0.3463     0.4515     0.5552     0.6585     0.7618     0.8659     0.9714       1.08      1.191  U=321982 Ufull=322117
  11500  2.173e-05    0.04106     0.1314     0.2398     0.3472     0.4525     0.5564     0.6596     0.7627     0.8671     0.9734      1.082      1.193  U=321926 Ufull=322061
  12000  2.173e-05    0.04104     0.1315     0.2402     0.3478     0.4536     0.5579     0.6614     0.7647     0.8686     0.9748      1.084      1.195  U=321877 Ufull=322012
  12500  2.173e-05    0.04104     0.1317     0.2405     0.3482     0.4537     0.5578     0.6611     0.7648     0.8699     0.9771      1.086      1.197  U=321834 Ufull=321968
  13000  2.173e-05    0.04102     0.1319     0.2408     0.3487     0.4545     0.5587     0.6624     0.7662     0.8711      0.978      1.087      1.199  U=321796 Ufull=321930
  13500  2.173e-05    0.04104     0.1321     0.2413     0.3495     0.4556     0.5603     0.6642      0.768     0.8727     0.9791      1.088      1.201  U=321763 Ufull=321897
  14000  2.173e-05    0.04102     0.1322     0.2415     0.3496     0.4557     0.5603     0.6644     0.7689     0.8747     0.9817       1.09      1.202  U=321734 Ufull=321868
  14500  2.173e-05      0.041     0.1324     0.2419     0.3502     0.4566     0.5615     0.6657       0.77     0.8752     0.9818      1.092      1.205  U=321709 Ufull=321844
  15000  2.173e-05    0.04102     0.1326     0.2422     0.3508     0.4574     0.5624     0.6668     0.7713     0.8768     0.9839      1.093      1.206  U=321689 Ufull=321823
  15500  2.173e-05    0.04098     0.1326     0.2424     0.3509     0.4573     0.5623     0.6668     0.7716     0.8777     0.9851      1.094      1.207  U=321671 Ufull=321805
  16000  2.173e-05    0.04099     0.1328     0.2427     0.3515     0.4583     0.5636     0.6684     0.7733     0.8791     0.9861      1.096      1.209  U=321657 Ufull=321791
  16500  2.173e-05    0.04099      0.133      0.243      0.352     0.4588     0.5642     0.6689     0.7739       0.88     0.9878      1.098       1.21  U=321645 Ufull=321779
  17000  2.173e-05    0.04099     0.1331     0.2433     0.3524     0.4594     0.5649     0.6697     0.7746     0.8807     0.9886      1.099      1.212  U=321636 Ufull=321770
  17500  2.173e-05      0.041     0.1332     0.2436     0.3528       0.46     0.5657     0.6708     0.7759     0.8817     0.9894        1.1      1.214  U=321630 Ufull=321763
  18000  2.173e-05    0.04098     0.1333     0.2438     0.3531     0.4604     0.5662     0.6715     0.7769     0.8832      0.991      1.101      1.215  U=321625 Ufull=321759
  18500  2.173e-05    0.04099     0.1335     0.2442     0.3537     0.4612     0.5672     0.6724     0.7775     0.8834     0.9913      1.102      1.216  U=321622 Ufull=321756
  19000  2.173e-05      0.041     0.1336     0.2444     0.3541     0.4617     0.5679     0.6732     0.7785     0.8846     0.9927      1.103      1.217  U=321621 Ufull=321754
  19500  2.173e-05    0.04097     0.1337     0.2445     0.3541     0.4617     0.5678     0.6734     0.7792     0.8857     0.9937      1.104      1.218  U=321621 Ufull=321755
  20000  2.173e-05    0.04096     0.1338     0.2447     0.3545     0.4622     0.5684      0.674     0.7798     0.8864     0.9947      1.106       1.22  U=321623 Ufull=321756
