Sphere mesh: 10242 vertices, 30720 edges, 20480 triangles
Sphere data persisted: 20480 triangles, 61440 adjacency entries
Geometric dual Hodge computed: hodge1_inv [5.2250, 263.7555], hodge2 [4.797072, 39.297710]
Prismatic mesh built: L=5, N_r=48, 501858 vertices, 1996896 edges, 2478080 faces
# L=5 N_r=48 r_max=3 dt=0.00875694 steps=30000
      0  2.493e-07  2.494e-07  2.503e-07  2.505e-07  2.503e-07    2.5e-07  2.514e-07  2.496e-07  2.499e-07  2.496e-07  2.488e-07  2.496e-07  2.501e-07
    500          0  1.638e-06  2.047e-06  2.922e-06  3.675e-06  4.071e-06  4.277e-06  4.504e-06  4.657e-06  4.773e-06   5.02e-06  5.164e-06  5.108e-06
   1000          0  9.858e-07  1.482e-06   2.49e-06  3.562e-06  4.169e-06  4.341e-06  4.582e-06  4.784e-06  4.877e-06  5.116e-06  5.316e-06  5.521e-06
   1500          0  8.731e-07  1.552e-06  2.786e-06  4.177e-06  4.995e-06  5.081e-06  5.311e-06   5.46e-06  5.644e-06  5.777e-06  6.189e-06  6.294e-06
   2000          0  9.826e-07  1.931e-06  3.584e-06  5.506e-06  6.736e-06  6.827e-06  6.907e-06  6.916e-06  6.993e-06  7.035e-06  7.605e-06  7.932e-06
   2500          0  1.342e-06  2.839e-06  5.387e-06  8.348e-06  1.009e-05  9.581e-06  9.669e-06  1.012e-05  9.098e-06  9.918e-06  9.823e-06  1.159e-05
   3000          0  2.286e-06  4.912e-06  9.407e-06  1.466e-05  1.763e-05  1.564e-05  1.317e-05  1.421e-05  1.369e-05  1.427e-05  1.424e-05  1.725e-05
   3500          0  4.117e-06  9.067e-06  1.742e-05  2.696e-05  3.175e-05  2.675e-05  2.256e-05  2.542e-05  2.254e-05  2.376e-05   2.49e-05  2.929e-05
   4000          0  7.875e-06  1.707e-05   3.26e-05  5.026e-05   5.89e-05   5.04e-05  4.671e-05  5.023e-05  4.357e-05  4.825e-05  4.381e-05  5.365e-05
   4500          0  1.569e-05  3.501e-05  6.774e-05   0.000106  0.0001265  0.0001054  7.354e-05  8.366e-05  7.914e-05  8.311e-05  8.131e-05  0.0001078
   5000          0  2.968e-05  6.453e-05  0.0001238   0.000192  0.0002265  0.0001862  0.0001609  0.0001874  0.0001524  0.0001822  0.0001402  0.0002192
   5500          0  5.756e-05   0.000129  0.0002506   0.000394  0.0004717  0.0003751  0.0002282  0.0003522  0.0002847  0.0003536  0.0002978   0.000493
