Sphere mesh: 2562 vertices, 7680 edges, 5120 triangles
Sphere data persisted: 5120 triangles, 15360 adjacency entries
Geometric dual Hodge computed: hodge1_inv [1.9857, 173.1661], hodge2 [1.901028, 20.792786]
Prismatic mesh built: L=4, N_r=32, 84546 vertices, 335424 edges, 414720 faces
# L=4 N_r=32 r_max=3 dt=0.0175088 steps=20000
      0  2.481e-07  2.501e-07  2.491e-07    2.5e-07  2.488e-07  2.499e-07  2.486e-07  2.501e-07  2.486e-07  2.504e-07   2.51e-07  2.512e-07  2.492e-07
    500          0  4.586e-07  6.262e-07  9.515e-07  1.319e-06  1.543e-06  1.603e-06  1.645e-06  1.729e-06  1.762e-06   1.82e-06  1.947e-06   2.01e-06
   1000          0  2.743e-07   4.59e-07  7.363e-07  1.111e-06  1.435e-06  1.585e-06  1.649e-06  1.702e-06  1.713e-06  1.786e-06   1.95e-06  1.946e-06
   1500          0  2.167e-07  4.002e-07  6.693e-07  1.055e-06  1.404e-06  1.582e-06  1.645e-06  1.681e-06  1.757e-06  1.826e-06  1.924e-06  2.032e-06
   2000          0  1.929e-07  3.842e-07  6.623e-07  1.074e-06  1.474e-06  1.675e-06  1.697e-06  1.727e-06  1.856e-06  1.873e-06  1.933e-06  2.034e-06
   2500          0   1.88e-07  3.799e-07  6.686e-07  1.097e-06  1.515e-06   1.72e-06  1.807e-06  1.899e-06  1.923e-06  1.973e-06  2.006e-06  2.098e-06
   3000          0  1.857e-07  3.924e-07  7.066e-07  1.194e-06  1.697e-06   1.95e-06  1.952e-06  1.956e-06  2.038e-06  2.052e-06  2.107e-06  2.208e-06
   3500          0  1.903e-07  4.173e-07  7.803e-07  1.335e-06  1.894e-06  2.128e-06  2.026e-06  2.065e-06  2.158e-06  2.118e-06  2.168e-06  2.412e-06
   4000          0  2.231e-07  4.929e-07  9.345e-07  1.595e-06  2.231e-06  2.456e-06  2.312e-06  2.328e-06  2.316e-06   2.21e-06  2.617e-06  2.561e-06
   4500          0  2.528e-07  5.735e-07  1.111e-06  1.856e-06  2.515e-06  2.668e-06   2.55e-06  2.548e-06  2.518e-06   2.46e-06   2.65e-06  2.849e-06
   5000          0   3.05e-07  6.935e-07  1.366e-06  2.284e-06  3.041e-06  3.048e-06  2.719e-06  2.775e-06  2.673e-06  2.684e-06  3.161e-06  3.651e-06
   5500          0  3.743e-07  8.642e-07  1.724e-06  2.878e-06  3.801e-06  3.826e-06  3.601e-06   3.45e-06  3.429e-06   3.49e-06  3.998e-06  3.933e-06
   6000          0   4.64e-07  1.078e-06  2.119e-06  3.401e-06   4.16e-06  3.888e-06  4.547e-06  4.453e-06  4.413e-06  4.616e-06  4.637e-06  3.992e-06
   6500          0  6.515e-07  1.493e-06   2.94e-06  4.675e-06  5.597e-06   4.78e-06  5.087e-06  5.032e-06  5.417e-06  4.492e-06  7.806e-06  5.734e-06
   7000          0    8.5e-07  1.957e-06  3.808e-06  5.897e-06  6.728e-06  6.195e-06  8.672e-06   7.72e-06  6.707e-06  7.175e-06  9.554e-06   6.78e-06
   7500          0  1.152e-06  2.569e-06  4.875e-06  7.224e-06  7.456e-06  6.821e-06  1.296e-05  1.128e-05  8.941e-06  1.171e-05  1.114e-05  6.384e-06
   8000          0  1.732e-06  3.855e-06  7.486e-06  1.162e-05  1.314e-05  1.043e-05  1.397e-05  1.325e-05  1.205e-05  1.051e-05   1.94e-05  1.241e-05
   8500          0  2.363e-06  5.257e-06  1.025e-05  1.582e-05  1.732e-05  1.051e-05  1.375e-05  1.436e-05  1.539e-05  1.358e-05  2.283e-05  1.735e-05
   9000          0  3.412e-06  7.693e-06   1.51e-05  2.348e-05  2.611e-05  1.751e-05  2.329e-05  2.443e-05  1.609e-05  2.608e-05  1.999e-05  2.119e-05
   9500          0  5.073e-06  1.186e-05  2.396e-05   3.89e-05  4.726e-05  3.672e-05  2.392e-05  2.848e-05  1.742e-05  2.062e-05  3.633e-05  4.275e-05
  10000          0  7.285e-06  1.739e-05  3.533e-05  5.786e-05  7.117e-05  5.509e-05  2.502e-05  3.415e-05  1.702e-05  1.522e-05  4.192e-05  6.198e-05
  10500          0  1.034e-05  2.424e-05  4.864e-05  7.807e-05  9.181e-05  6.169e-05  3.917e-05  6.624e-05  2.355e-05   4.09e-05  4.343e-05  5.584e-05
  11000          0  1.504e-05  3.522e-05  7.136e-05  0.0001162  0.0001411  0.0001045  2.996e-05  6.391e-05   7.92e-05  4.149e-05   0.000121  9.781e-05
  11500          0  2.037e-05    4.8e-05   9.62e-05  0.0001543  0.0001853  0.0001522  0.0001538  0.0001333  8.621e-05  0.0001211  0.0001543  0.0001249
  12000          0  2.764e-05  6.345e-05  0.0001232  0.0001856  0.0001904   0.000133  0.0002721  0.0002627  0.0001435  0.0002613   0.000199  5.352e-05
  12500          0  3.973e-05    9.1e-05  0.0001764  0.0002646  0.0002657  0.0001002  0.0002674  0.0002627  0.0002949  0.0003191  0.0004307  9.555e-05
  13000          0  5.656e-05  0.0001283  0.0002461  0.0003646  0.0003531  0.0001103  0.0004442  0.0004422  0.0003103  0.0004436   0.000545  0.0001351
  13500          0  8.247e-05   0.000183  0.0003497  0.0005169  0.0004997  0.0002411  0.0007669  0.0008027  0.0003671  0.0007782   0.000548  0.0002738
  14000          0  0.0001271  0.0002834  0.0005597  0.0008925   0.001059  0.0008456  0.0008778  0.0008025  0.0004974  0.0008637  0.0009064  0.0005777
  14500          0  0.0001858  0.0004205  0.0008469   0.001377   0.001667   0.001236  0.0005767  0.0008709  0.0006379  0.0006586   0.001198  0.0008569
  15000          0  0.0002656   0.000618   0.001253   0.002045   0.002478   0.001779  0.0008697   0.001755  0.0007797   0.001077  0.0008313    0.00107
  15500          0  0.0003915  0.0009384   0.001936   0.003254   0.004188   0.003553   0.001302    0.00128   0.000337  0.0006116   0.001454   0.002164
  16000          0  0.0005561    0.00133   0.002731   0.004565   0.005813   0.004818   0.001895   0.002335  0.0005387   0.001821   0.002102   0.003926
  16500          0  0.0007509   0.001752   0.003525   0.005673   0.006669   0.004459   0.003544    0.00582   0.001015   0.004284    0.00222   0.004273
  17000          0   0.001024    0.00238   0.004748   0.007509   0.008534   0.005111   0.004123    0.00553   0.003995   0.006337   0.007782   0.005872
  17500          0   0.001349   0.003115   0.006041   0.009093   0.009237   0.004548    0.01083    0.01096    0.00733    0.01285    0.01286    0.01001
  18000          0   0.001795    0.00403   0.007518    0.01044   0.008127   0.005808     0.0228    0.02126    0.01114    0.02174    0.01611   0.009513
  18500          0   0.002628   0.005886    0.01117    0.01646    0.01703    0.01575    0.02724    0.01986    0.02218    0.02514    0.03059   0.006393
  19000          0   0.003852   0.008672    0.01674     0.0257    0.02934    0.02728    0.03395    0.02493    0.03576    0.02835     0.0466    0.01454
  19500          0   0.005681    0.01272    0.02499    0.04015    0.05051     0.0537    0.06065     0.0426    0.04763    0.03855    0.05222    0.02176
  20000          0    0.00852    0.01908    0.03854    0.06505    0.08847    0.09352    0.07675     0.0284    0.06132    0.03539    0.07078     0.0616
