Sphere mesh: 10242 vertices, 30720 edges, 20480 triangles
Sphere data persisted: 20480 triangles, 61440 adjacency entries
Geometric dual Hodge computed: hodge1_inv [5.2250, 263.7555], hodge2 [4.797072, 39.297710]
Prismatic mesh built: L=5, N_r=48, 501858 vertices, 1996896 edges, 2478080 faces
# L=5 N_r=48 r_max=3 dt=0.00875694 steps=30000
      0          0          0          0          0          0          0          0          0          0          0          0          0          0
    500  2.155e-06     0.0418    0.05144    0.06102    0.07057    0.08013    0.08971    0.09936     0.1091      0.119     0.1291     0.1393     0.1498
   1000  2.155e-06    0.03929    0.05741     0.0753      0.093     0.1105      0.128     0.1454     0.1629     0.1804      0.198     0.2159     0.2339
   1500  2.155e-06   0.005301    0.02759    0.04954    0.07117    0.09255     0.1137     0.1348     0.1558     0.1769     0.1981     0.2194      0.241
   2000  2.155e-06    0.01126    0.03578    0.05986    0.08358      0.107     0.1302     0.1533     0.1764     0.1995     0.2226     0.2459     0.2694
   2500  2.155e-06   0.004464    0.03035     0.0558    0.08085     0.1056     0.1301     0.1545     0.1788      0.203     0.2274      0.252     0.2767
   3000  2.155e-06   0.002745    0.02943    0.05568    0.08152      0.107     0.1323     0.1574     0.1825     0.2075     0.2326     0.2579     0.2834
   3500  2.155e-06   0.002849    0.03011    0.05694    0.08333     0.1094     0.1352     0.1608     0.1864      0.212     0.2376     0.2634     0.2894
   4000  2.155e-06   0.001596    0.02922    0.05647    0.08329     0.1098     0.1359     0.1619     0.1879     0.2138     0.2398      0.266     0.2924
   4500  2.155e-06   0.001735    0.02958    0.05718    0.08436     0.1111     0.1375     0.1638     0.1901     0.2162     0.2425      0.269     0.2957
   5000  2.155e-06    0.00194    0.02969    0.05769    0.08524     0.1121     0.1385     0.1652     0.1916      0.218     0.2447     0.2712     0.2982
   5500  2.155e-06   0.003495     0.0308    0.05999    0.08885     0.1157     0.1405     0.1676     0.1942     0.2198     0.2473     0.2735     0.3003
   6000  2.155e-06    0.00742    0.03521    0.06889     0.1038     0.1327     0.1489     0.1679     0.2006     0.2224     0.2516     0.2768     0.3037
   6500  2.155e-06    0.01691    0.05067     0.1004      0.157     0.1963     0.1865     0.1714     0.2297     0.2305     0.2679     0.2797     0.3181
