Sphere mesh: 2562 vertices, 7680 edges, 5120 triangles
Sphere data persisted: 5120 triangles, 15360 adjacency entries
Geometric dual Hodge computed: hodge1_inv [1.9857, 173.1661], hodge2 [1.901028, 20.792786]
Prismatic mesh built: L=4, N_r=32, 84546 vertices, 335424 edges, 414720 faces
# L=4 N_r=32 r_max=3 dt=0.0175088 steps=20000
      0          0          0          0          0          0          0          0          0          0          0          0          0          0
    500  1.537e-05    0.06281     0.1251     0.1862     0.2464     0.3062     0.3659      0.426     0.4868     0.5486      0.612     0.6771     0.7441
   1000  1.537e-05    0.01453    0.09222     0.1691     0.2447     0.3195     0.3939     0.4685     0.5438     0.6203     0.6983     0.7788     0.8619
   1500  1.537e-05   0.007266    0.08804     0.1701     0.2507     0.3304     0.4096      0.489     0.5692     0.6506     0.7338     0.8193     0.9077
   2000  1.537e-05   0.006791    0.08942     0.1739     0.2569     0.3388     0.4204     0.5022     0.5848     0.6684      0.754      0.842     0.9327
   2500  1.537e-05    0.00665     0.0904     0.1764     0.2608     0.3443     0.4272     0.5104     0.5944     0.6797     0.7668     0.8562     0.9485
   3000  1.537e-05   0.006574    0.09112     0.1782     0.2638     0.3482     0.4323     0.5165     0.6015     0.6876     0.7758     0.8665     0.9598
   3500  1.537e-05   0.006518    0.09172     0.1796     0.2659     0.3512     0.4361     0.5212      0.607      0.694     0.7829     0.8743     0.9688
   4000  1.537e-05   0.006508    0.09225     0.1808     0.2678     0.3537     0.4392     0.5249     0.6114     0.6991     0.7887     0.8808     0.9758
   4500  1.537e-05   0.006512    0.09272     0.1819     0.2695     0.3559      0.442     0.5281     0.6151     0.7033     0.7935     0.8862     0.9818
   5000  1.537e-05   0.006517    0.09312     0.1828     0.2708     0.3577     0.4442     0.5308     0.6181     0.7068     0.7975     0.8907      0.987
   5500  1.537e-05   0.006505    0.09347     0.1835     0.2719     0.3593     0.4461     0.5332     0.6209     0.7101     0.8012     0.8947     0.9913
   6000  1.537e-05    0.00652    0.09378     0.1842     0.2729     0.3606     0.4478     0.5352     0.6235     0.7129     0.8043     0.8982     0.9953
   6500  1.537e-05    0.00651    0.09409     0.1848     0.2739      0.362     0.4495     0.5371     0.6255     0.7152     0.8071     0.9015     0.9986
   7000  1.537e-05   0.006519    0.09434     0.1854     0.2748     0.3631     0.4509     0.5388     0.6276     0.7176     0.8097     0.9045      1.002
   7500  1.537e-05   0.006541     0.0946     0.1859     0.2757     0.3643     0.4524     0.5405     0.6296     0.7198      0.812      0.907      1.005
   8000  1.537e-05   0.006582    0.09484     0.1864     0.2764     0.3653     0.4537     0.5419     0.6311     0.7218     0.8142     0.9093      1.008
   8500  1.537e-05   0.006659    0.09508     0.1869     0.2773     0.3665     0.4549     0.5432      0.633     0.7238     0.8163     0.9117       1.01
   9000  1.537e-05   0.006602    0.09532     0.1875      0.278     0.3674      0.456     0.5445     0.6342     0.7253     0.8185     0.9138      1.013
   9500  1.537e-05    0.00685    0.09555      0.188     0.2789     0.3687     0.4574     0.5458     0.6359     0.7269     0.8205     0.9161      1.015
  10000  1.537e-05   0.006701     0.0957     0.1882      0.279     0.3687     0.4579     0.5475     0.6378     0.7286     0.8224     0.9179      1.018
  10500  1.537e-05    0.00712    0.09596     0.1889     0.2804      0.371     0.4602     0.5485     0.6392     0.7308      0.824       0.92      1.021
  11000  1.537e-05   0.007374    0.09638     0.1897      0.282     0.3733     0.4628     0.5503       0.64     0.7333      0.826     0.9233      1.022
  11500  1.537e-05   0.008247      0.097     0.1912     0.2853     0.3793     0.4705     0.5546     0.6422     0.7363     0.8283     0.9258      1.026
  12000  1.537e-05   0.009253    0.09758     0.1927      0.289     0.3863     0.4775     0.5573     0.6425     0.7392     0.8287     0.9269      1.027
  12500  1.537e-05   0.008791    0.09778     0.1931     0.2886     0.3837     0.4732     0.5545     0.6504     0.7451     0.8325     0.9326      1.038
  13000  1.537e-05     0.0119    0.09963     0.1971     0.2974      0.398     0.4849     0.5569     0.6514     0.7437     0.8378     0.9322      1.044
  13500  1.537e-05    0.01014     0.0996     0.1972     0.2964     0.3945      0.482     0.5569     0.6569     0.7448      0.847     0.9375      1.055
  14000  1.537e-05    0.01403     0.1013     0.2012     0.3066     0.4112     0.4926      0.564     0.6836     0.7574     0.8643     0.9414      1.102
  14500  1.537e-05    0.01456     0.1034     0.2072     0.3203      0.436     0.5268     0.5844     0.6807     0.7722     0.8653     0.9513      1.089
  15000  1.537e-05    0.02559     0.1144     0.2341     0.3837     0.5533     0.6634     0.6213     0.7038     0.8699     0.8621      1.033      1.124
  15500  1.537e-05    0.02934     0.1278     0.2715     0.4688     0.6938     0.8124     0.6813     0.7117     0.9064     0.8656      1.047      1.148
  16000  1.537e-05    0.03609     0.1322     0.2782     0.4811     0.7216     0.8614      0.724     0.7227     0.9528     0.8776      1.067      1.241
  16500  1.537e-05     0.0541     0.1723     0.3756     0.6833      1.029      1.139     0.7477     0.9455      1.204     0.9787      1.254      1.509
  17000  1.537e-05    0.04684     0.1539     0.3302     0.5815      0.853     0.9346     0.6749     0.9068      1.001      1.094      1.084      1.566
  17500  1.537e-05    0.07705     0.2159     0.4679     0.8444      1.217      1.188      0.634      1.461      1.231      1.675      1.292      2.598
  18000  1.537e-05    0.07208     0.2129     0.4667     0.8413      1.218      1.243     0.9123      1.496      1.262      1.707      1.322      2.468
  18500  1.537e-05     0.1601     0.4006     0.9016      1.739      2.723      3.067      1.726      1.684        2.5      1.648      2.213      3.129
  19000  1.537e-05     0.1612     0.4586      1.064      2.052      3.172      3.469      1.775      2.221       3.06      1.916      2.754      3.618
  19500  1.537e-05     0.2936     0.6618      1.496      2.934      4.693      5.472      3.337      2.113      4.252       1.52      3.604      3.958
  20000  1.537e-05     0.3432      0.979      2.293      4.518      7.189      8.274      4.819      3.215      6.216      2.381      5.251      6.019
